1 1201      ok 527316489896542731314987562172453896689271354453698217941825673765134928238769145
2 175      ok 617459823248736915539128467982564371374291586156873294823647159791385642465912738
3 1029      ok 487312695593684271126597384735849162914265837268731549851476923379128456642953718
4 4701      ok 962314857134587269578296413847962531651873942329145786285639174793451628416728395
5 141      ok 416837529982465371735129468571298643293746185864351297647913852359682714128574936
6 3115      ok 682154379951763842374892165437528916816937254295416738568271493729345681143689527
7 2377      ok 652481937834679152971325864467812593315794628298563471186937245523146789749258316
8 1171      ok 682153479951764832374892165437528916816947253295316748568271394729435681143689527
9 6757      ok 792351648543786129681429537157648293924137865836295471368572914419863752275914386
10 67      ok 614382579953764812827591436742635198168279354395418627286157943579843261431926785
11 2923      ok 863521794127496853954387621645839172739142568281765439498653217512974386376218945
12 1395      ok 135426987846957321927381465213748659598163742674295813351674298482539176769812534
13 709      ok 356871294972643851841952736213465987794318625685297413128736549569184372437529168
14 3709      ok 129576348376428519584391627293815764417263895865749132958632471731984256642157983
15 67      ok 615382479943765812827491536752634198168279354394518627286157943579843261431926785
16 358      ok 718435692963278541254961378547612839192387456386549127675893214421756983839124765
17 67      ok 458276931623891475197534286371452698269783154845169327712948563986315742534627819
18 131      ok 123759486874261593965384721216543978357896142498127365532478619641932857789615234
19 313      ok 518476239427359618963821574795248361832617945146935827379564182651782493284193756
20 2611      ok 498716523257839461136425987971382654684157392523694718765241839319578246842963175
