1 1475      ok 835796124926143758174258963241687539793514682568329417452871396389465271617932845
2 250      ok 389765124145832967276941583768153249521496738493287615637524891912378456854619372
3 4413      ok 854293671726581394319674258578316429263459817941827563687942135135768942492135786
4 121      ok 513849627627351894489627315864732951975168432231594768358276149742913586196485273
5 831      ok 439621578618475932527893164184539627372168495956742813895217346743956281261384759
6 2058      ok 475296138698371524312845697731689452856432971924517386267153849549768213183924765
7 3342      ok 263581794749623185158749326832916547591478263476235819325194678614857932987362451
8 2308      ok 536894712924157386871362594358729641692541837147683259483216975215978463769435128
9 68      ok 251698743468273159973154862325867914849315627716429538582736491194582376637941285
10 1026      ok 631594827947812563852673491586729314123458679794361285368147952419285736275936148
11 65      ok 714582396958631742236749518695478231483215967127963485562194873879356124341827659
12 66      ok 517384296932516874648729135856473912274195683391862457165238749723941568489657321
13 120      ok 194328756523761498678549231832617549916452387457893612781234965245986173369175824
14 951      ok 839152746456789213127463958312694587764538129985271634698325471271846395543917862
15 1341      ok 586213974429758136317694528263147859948562317751839642832971465694325781175486293
16 114      ok 465278139172953648398416572831547296624139785759862413546381927913725864287694351
17 172      ok 859462173437158269612973485786531942341296857295784631168325794923647518574819326
18 417      ok 216954873874361259359287614943678125187542936625193748432819567591736482768425391
19 1647      ok 165897432289431567734265198852614379413972856976583241528746913691358724347129685
20 786      ok 572831469618294735394576218859627143741385926236149587125768394963452871487913652
21 155      ok 481573629956821473723694518195236784842719356367458291678142935534987162219365847
22 16729      ok 857196243269543178314872695176238459925714386438965721682357914741689532593421867
23 336      ok 723548691518269374469173285197386452236457918845912763954621837682735149371894526
24 114      ok 178294563246538719593671284839715642652483197417962835324856971961327458785149326
25 599      ok 296514837437968512851237694124679385375481926968325741712896453649153278583742169
26 12344      ok 695712384174398652283546719859473126741629538362851947426935871518267493937184265
27 1428      ok 958641372321758649476239815183495726564872193297163458819324567732516984645987231
28 1534      ok 459231786728645391136897245563724819974318652812569473297183564681452937345976128
29 1540      ok 379846152154972836826531947785194623641283579293657481937415268412368795568729314
30 5340      ok 749528136563914872821763495315249768274186359698375214432651987957832641186497523
31 6017      ok 598324167712596483634178295986715342471832659253649718369251874847963521125487936
32 1273      ok 981724563425863791736159824874592316659318247213647985367981452148275639592436178
33 1897      ok 139827465782645913546319872625483197398571246417962538854796321961238754273154689
34 1510      ok 892457136571936824436281975184325697957618243263749581628573419749162358315894762
35 420      ok 974382516823651749516479832142895367769234185385167294657913428491728653238546971
36 1105      ok 642987513518263974793145862129874635875396241436512789951738426367429158284651397
37 1153      ok 314928756697345182852167349546789231173256498289431675961574823425813967738692514
38 7830      ok 756392184289417356341856927412583769863729541597164832938241675174635298625978413
39 65      ok 129687453657143928384295617746319285291578364538462179965724831413856792872931546
40 2671      ok 528471369196352478734869251385294617267513984419687523973126845651948732842735196
41 805      ok 538492176764351298921768435392815764475639812816274359257186943683947521149523687
42 826      ok 793812465625394187841576239362947851954138726187625394579483612218769543436251978
43 1852      ok 729483561164259378538671294982516437315794682647832915873945126251367849496128753
44 278      ok 724893651635417892819265743982574316563921487471638925248756139157349268396182574
45 2095      ok 849716352713592846526438179467285913382179564195643728258961437634857291971324685
46 357      ok 927185346134976285685243179278694531493521768516738924869317452752469813341852697
47 4357      ok 368941527572836914914725368695174832187392645243568791756413289429687153831259476
48 66      ok 539268741217493586846175329961387452352641978478952163195726834723814695684539217
49 3247      ok 523784691478169532691325748832476159156893427749512386964237815387951264215648973
50 1342      ok 927135486864279153315864972693457821781926534452318769278641395546793218139582647
51 1292      ok 352649178198357462674128395247895613536214789981736524869573241723481956415962837
52 142      ok 592631874436789521781254693157843962648972135923516487379465218215398746864127359
53 65      ok 847513269953246871126789453432978615569431728781652934375824196618397542294165387
54 787      ok 564283917172569384893147625347812596625794138918356472781435269256971843439628751
55 2052      ok 386542179475619283129873465298157346713426598654398712941285637862734951537961824
56 1160      ok 587619324196243857432587961768352419913764582254891673641928735879135246325476198
57 4202      ok 615987423749132685832465719293741856487653192156298347324516978561879234978324561
58 80      ok 329184675741536289685297134216753948453968712897412563132649857574821396968375421
59 3873      ok 813796254256431798974825316569342871742618935138579462327154689485967123691283547
60 558      ok 721436598863795241594821367415972836287653419639148752356289174178364925942517683
61 461      ok 513769824947128356268345791681973542372514968459286137736451289194832675825697413
62 2219      ok 475163289163928457892754361587316942934872615621495873748539126316287594259641738
63 1801      ok 932685174861374295574291386253746918147829563698153427415967832386412759729538641
64 930      ok 697821435521934768438657219142789356865342971379165824953476182284513697716298543
65 1079      ok 451326789986547312372918546748162935615439278239785461594871623167253894823694157
66 2446      ok 478132695251796384639485271843657912792814536516923847984261753165378429327549168
67 360      ok 516389247892674351374521968785192436649837125231456879428965713967213584153748692
68 3357      ok 193874526256319478748526193964753281382641957517982634675498312429137865831265749
69 840      ok 829473615157968432346152897581239764273645981964781523792814356415396278638527149
70 1093      ok 684921735395847162217653489531298674962714358478365291149536827823179546756482913
71 119      ok 583961274176254398249873651927348165834516927615792843762185439451639782398427516
72 546      ok 147689325683215749592743618421578963765934281938126574319867452874352196256491837
73 248      ok 217863459364759182985214763679125348852347691431698275743582916526971834198436527
74 668      ok 368514792591782643247936851854279316129653478673148529986427135435891267712365984
75 581      ok 186257934423619875795483621649378152217594368538126749872965413954731286361842597
76 1138      ok 521874936694532871837961452278645193916327548453198267149786325782453619365219784
77 3646      ok 397564218284319675156782349872196453561843792439275186745628931618937524923451867
78 287      ok 134758962296143875578926341842375619713869524659412738321587496487691253965234187
79 2724      ok 681479253943258617752613984826945731197382546435761829574126398368594172219837465
80 694      ok 924385617386127495571964283859741362742638159613592874298476531167253948435819726
81 8400      ok 984751362615832497327649158479216583561387924238594716153428679846975231792163845
82 203      ok 273618459694325178815497623928761345536942781147583962762159834489236517351874296
83 5436      ok 796518342514732968328496517169327485852641793473859621681975234237164859945283176
84 516      ok 596247813824513697371986254412865739689371425735429168258694371967138542143752986
85 3496      ok 724396185153784962689521437318472659245639871976158324567913248492865713831247596
86 1589      ok 952768314164239857387145296238576149679314582415892673523987461896421735741653928
87 236      ok 261397485345268791789451632956824173123679854478135269592716348634582917817943526
88 801      ok 781253649592846173634791582319624857278915364465378921956437218127589436843162795
89 428      ok 219354786685279341347681952751463298893712564426895173932548617178926435564137829
90 2482      ok 278165439965483172134279685857921364319654728642837591793512846526348917481796253
91 727      ok 536718492429653178781294653914365827873942561652187349268471935197536284345829716
92 1553      ok 746918253892365147153274896675491328981523674234786915419837562367152489528649731
93 2578      ok 162473985854921763397685214231854697749236158586719342678592431415367829923148576
94 4957      ok 215689473783524916964731285527316849491258367638497152159873624376142598842965731
95 598      ok 215386794683974215479215386396427158752168943841593627168749532524631879937852461
96 225      ok 654721389931684725872953164247518693593276418186349257315492876768135942429867531
97 868      ok 693527814782134569451869327265741983937658241148293756529316478376482195814975632
98 375      ok 317596824452378916968241735846135297179624583235987461793412658581769342624853179
99 154      ok 863742519124359768795861423487915236236478195951236874678194352512683947349527681
100 561      ok 547916832931287654628435179864123597195748263273659418359862741486371925712594386
101 575      ok 416532789925786134873194256567941328249853617138627945694215873381479562752368491
102 122      ok 168539742392647185745128693934281567516473829287956314623895471859714236471362958
103 1674      ok 147352869398674125265918473421895736689437512753126984536741298972583641814269357
104 206      ok 435826971987513246612497835726135489859264317341789562563941728198372654274658193
105 917      ok 164928537359471268728653914912785643683149725475236189541892376237564891896317452
106 1335      ok 274568931689213745153749268715436892398152476462987153527391684936824517841675329
107 113      ok 517328964982416753463579812845261397271893645639754281756942138128635479394187526
108 1664      ok 864792531751834296329156784235478169417569823986321457192687345643215978578943612
109 712      ok 291876453684352197375491286156738942729514638438629571867245319942183765513967824
110 898      ok 168923475532174896479685312756238941894561723321497658647812539915346287283759164
111 1066      ok 819473265634852197572619843153986724297145386468327519381594672926731458745268931
112 248      ok 578234916931568427462791385396427851257183694814956732725849163649312578183675249
113 1067      ok 684215973573869124921473586142937658397586412856124397739658241265741839418392765
114 9718      ok 623895174714632598859471263571246839238957416496318725967184352385729641142563987
115 858      ok 623157984718943265549862173285379416971624358364518729497286531136795842852431697
116 136      ok 456329187978164325312758469293645871184297653567813942741982536839576214625431798
117 1095      ok 293781546846592731751643982629354178315879624478126395932415867184967253567238419
118 255      ok 217853694936214785584976321469732518328195467751648239845369172672481953193527846
119 1297      ok 769185234452936178183247659915863742324719865876524391548672913691358427237491586
120 252      ok 368159724472638915591247683825463179934721568617895342249576831156384297783912456
121 1733      ok 892356417517294638364817592645971823731428965928635741159762384286543179473189256
122 66      ok 183675429572984316946132785459213678638547291721869534315796842864321957297458163
123 4775      ok 428615739179438265563729481815973642692584317347261958231896574956147823784352196
124 479      ok 312945678694783521857621493489567312536218947721394865145876239263159784978432156
125 442      ok 697145328385629174421783569873956241142837695569214837234591786718462953956378412
126 735      ok 435726918628149573791358642869512437354897261172463895243681759916275384587934126
127 2538      ok 679425831823791645451386729184972563267153984395864217746518392538249176912637458
128 162      ok 749561832315298746286743195174826953938154267562379418427615389693487521851932674
129 700      ok 938745162274916385615328947389674521526139478741582693457291836862453719193867254
130 1549      ok 847325961931876452256914387413752698582693714769481523198547236375268149624139875
131 815      ok 921785643378469215465312789253874196147926538896531427519648372784253961632197854
132 2241      ok 931654728582317946674982531718543269296871453345296187829165374463729815157438692
133 780      ok 569817342382654917714392586137248659928561473645973128293185764871436295456729831
134 2300      ok 264379185375481629891625734127568493489237516653194872736842951548913267912756348
135 145      ok 234691785159874362687325419546938127798512643312746598473269851821457936965183274
136 538      ok 196854723824937156735612984648371592972485361513269478287543619361798245459126837
137 149      ok 281476935954231678673598412715629843462387159839154267596813724128745396347962581
138 6468      ok 835916427164287539297435618759128364318694752642573981581349276926751843473862195
139 835      ok 925146738368297541147583962681352479753419826294768315416875293839624157572931684
140 1088      ok 382169754451837962967452183678293541123584697549716238835971426794628315216345879
141 651      ok 259741638187536429436298175621384957948157263375629841813465792594872316762913584
142 531      ok 635241798892763145417985236261479853584632917973158462326814579158397624749526381
143 511      ok 618329754723415986549786132894563271256871493371294865185647329462938517937152648
144 5668      ok 968214735753968214241735968129856473485173629376492851592641387637589142814327596
145 650      ok 316894572549726318782531649251678934894253167637419825423185796175962483968347251
146 679      ok 236849751517263894849571632385492176721635948964718325678924513152387469493156287
147 1001      ok 176453982453892761829176435365729814218634579947518623691347258582961347734285196
148 1936      ok 386479521245631897719285643893514762467823915152796384928347156634158279571962438
149 3438      ok 965132478428576931137948265216859347849317526753624189394785612671293854582461793
150 616      ok 695328714278154396143796582819543627367982451452671938581469273926837145734215869
151 2391      ok 718624395529318467346975128165482973497531682832769514254197836681243759973856241
152 1623      ok 758293461693481572124567983219854637846739215375612849462375198987126354531948726
153 1403      ok 283461597456729813197583642564178329728936451319254786635812974841397265972645138
154 189      ok 167359248953824761428167359689732514315498627274516893591283476842671935736945182
155 994      ok 623791548874265319591834726142379865738526491956418237215647983467983152389152674
156 1068      ok 513694872248571639976238415892356147437812596651947283125783964389465721764129358
157 1303      ok 498637215523891764716524938342918576185276349967453182651749823839162457274385691
158 308      ok 152763498748591623369284157297316584514879236683425971425637819831942765976158342
159 771      ok 564781932239546781718239456481957263326418597957362148845173629193624875672895314
160 726      ok 942316578315987426867245319753621984629458137184793265276534891591862743438179652
161 484      ok 823197465947562381156834297594381672361279548278645913789423156635918724412756839
162 105      ok 591428376268317495437956812654182739973645281182793654845231967719864523326579148
163 1415      ok 721453968865921437943867152237146895456798321198235746614589273372614589589372614
164 834      ok 861794523597213486234586791158639274376428159429175638915847362743962815682351947
165 3004      ok 948152637526739418173468925489613572235987164761245893314826759857391246692574381
166 1943      ok 258473916461859723739612854372584691695231487184967532927348165816725349543196278
167 1596      ok 821754693437169285695832741513976824978423516264581379389617452742395168156248937
168 3947      ok 147536892652489713398217645263954187985173426471862539729641358834725961516398274
169 7106      ok 637249158142385769985176243456937821729814635813562974574698312291753486368421597
170 87      ok 245183976369547821187692435726815349891234567453769218538476192614928753972351684
171 25418      ok 813597642697342851254168973436721589582934167971685324168479235349256718725813496
172 8709      ok 749365128365281497128794356981572634634819275572643819217458963853926741496137582
173 2023      ok 672859431945132867138476295829764513713598624456321789267915348381247956594683172
174 5598      ok 631248597259671438847953621795834216368712954124569873472196385586327149913485762
175 900      ok 462317859953286471817954632348691725725438916691572384534829167186745293279163548
176 225      ok 632479581145386972897152436726835149481697253953241768218564397569713824374928615
177 477      ok 841537629795642831623891457379286514412953768568174293957368142186429375234715986
178 1287      ok 293576418516428739487319265671985342934267581852143697129654873348792156765831924
179 5077      ok 958721643142638579763594182576849321421357896839216754314975268287463915695182437
180 3590      ok 152847369483691527769352814695713248241968753378425196927536481816274935534189672
181 518      ok 832759146749621853516843279284367591653912784971485362428176935197534628365298417
182 718      ok 419326758625718349738549162247183695956472813183695427362851974894267531571934286
183 839      ok 583167492741952368296834751658379124419286537327541986874695213932418675165723849
184 326      ok 352186974817294635649375821964732158183459762275618493431567289596821347728943516
185 527      ok 275894136649123578813765942496538217728419365531276894964382751152947683387651429
186 5194      ok 945172638217836594683459172876213945529748361134695827362584719451967283798321456
187 3662      ok 912467835638521479547389261479836152261945783385172694123698547796254318854713926
188 778      ok 426589371735126984891347256647813529589472163312695847274938615153264798968751432
189 1130      ok 425978163817364952396512478162749835953826714784135296548691327279453681631287549
190 82      ok 945276318628193745713854926384521697257968134169347852892715463471632589536489271
191 530      ok 975846321316257498284319576163724985497185263528693714852931647631472859749568132
192 371      ok 856913724729654318431872596915467283372198465684325971148739652567241839293586147
193 317      ok 274863951896152347351749862629475138185936724743218596517324689468591273932687415
194 653      ok 289731456547968321163245987956827143478613592312459768725184639631592874894376215
195 5069      ok 361945287475862391289713654138694725924157863657238419593426178712389546846571932
196 535      ok 394728651175496832268135497523689174716354928849271365457913286981562743632847519
197 274      ok 231985647786412395495673218348196572659237184172854936824369751917528463563741829
198 1015      ok 549236187876451392312978546298143765431567928657829413764312859925784631183695274
199 438      ok 543178629186295437297634518831956742452817396679423851968541273324789165715362984
200 539      ok 492735618675819324318624795783946251241357986569182437854263179137498562926571843
201 1345      ok 954738621781296345263541879649185732812473956537962418176824593428359167395617284
202 167      ok 752698314184235967396741258249173586813456729567829143621387495475962831938514672
203 94      ok 524316978831759246697248531185932764342567189769184325453621897276895413918473652
204 777      ok 953762418174598623628314795741283569369451287285976134896145372512837946437629851
205 227      ok 342765981178249635695831742967458123421397568583612497734126859856973214219584376
206 2811      ok 867435129492168537513297486721586943654913872938742651345629718189374265276851394
207 882      ok 724586193519437862683291745431675289875329416296148537368754921147962358952813674
208 9073      ok 198375624372461895546928317815297436429683571637514289751836942963142758284759163
209 826      ok 851763294274198653396425871182349765569817432437652918613984527928571346745236189
210 320      ok 128763495937854126465912378583296741642175839719438652251647983394581267876329514
211 81      ok 761835942952164873348927165417283659236549781895671234179456328684312597523798416
212 2521      ok 697182543385649271214357869439576128162894357758213694921468735843725916576931482
213 1287      ok 273846195854192367916375284135928746482617953769453812627581439598234671341769528
214 407      ok 475386912236914758918275463854723196721469385369851247687192534593647821142538679
215 326      ok 647329581152486937389751624964218375231574896578963142715892463823645719496137258
216 1077      ok 597328164461975832382164957126487395735619248849253671918546723253791486674832519
217 996      ok 958246713627193458134857296341569872875412639269738541716984325582371964493625187
218 67      ok 214576389865319427397428156641853972758942631923761845436297518182635794579184263
219 4296      ok 789524163135687429462139875217856394654392781893471652941268537376915248528743916
220 1912      ok 625719843937824615418536729751482396862193457349675182194357268283961574576248931
221 1061      ok 823697145645218397791345628186534972479126853532789461268453719917862534354971286
222 2988      ok 356197824784562391291843576462918735519374268837625419943281657628759143175436982
223 261      ok 752483619836195742941627358489231567617859234523764891178546923364972185295318476
224 1828      ok 621597843738164952495382716563728491179643528842951637356819274914276385287435169
225 1380      ok 651973284942861375387524691264198753519637842738245169475382916893416527126759438
226 1583      ok 856391427219547836347826159791284365628753914435619278572438691183965742964172583
227 758      ok 721946358863725914954813267139284675476539821285671493617398542392457186548162739
228 240      ok 673924518815637942249185637157249863382756491964318725491872356528463179736591284
229 723      ok 285749316164238795973615428542863179617954283839127654458371962321596847796482531
230 1922      ok 135726984892534671476189235687241593321957468549368712718492356263875149954613827
231 349      ok 843612975261957483597348216319564827678293154425781639786425391932176548154839762
232 66      ok 957136284264798135381524679618472593739685421542913867825349716473261958196857342
233 123      ok 521873964976452381384691275269145837158736429743928516437219658812564793695387142
234 404      ok 346172859791358462825694731568721943437985216912436578683247195154869327279513684
235 2184      ok 983762451671453892542198367235816749716349528498275136127934685359687214864521973
236 169      ok 186293547395478162742615983218754396654931278973826415431567829827349651569182734
237 469      ok 238759641194623857657184932325876419876941325419235786563492178982317564741568293
238 7078      ok 782345961195678432436912875547826319219453786368791524654137298823569147971284653
239 97      ok 125748639468329751739156482951432867673985214842617593297561348514873926386294175
240 649      ok 793485261216379854845612397427936518568127439139854726384291675671543982952768143
241 2195      ok 679254813812793654453861792197532468568947231234618579721386945385479126946125387
242 289      ok 738524961612839547954671382385246179149783256276915834497352618823167495561498723
243 771      ok 529413768731698452846527391492856173168372549375941286684235917913764825257189634
244 3268      ok 794238516586791342123564897612987453435612789978345261849123675351476928267859134
245 1305      ok 572614839183957426496283571245368197839571642617429358951746283764832915328195764
246 66      ok 234769185187425693956813274542398761361274958798651432823947516619582347475136829
247 612      ok 284579316615348729739126584452687193891234657367915842528793461943861275176452938
248 1261      ok 827364159964581273153792468271436895385219746496875312712653984638947521549128637
249 351      ok 134796285862543197957218634718362549493185726625479318581927463279634851346851972
250 3124      ok 793568142164792583285341796912876354846135279537924618621487935358619427479253861
251 724      ok 619873452237594681548216937396781245874652319152439768483925176965147823721368594
252 11009      ok 769812345512743698384659712428971536637425189195386274976534821243168957851297463
253 1590      ok 597134682618792543243865917756423891824971356931658724465319278389247165172586439
254 1026      ok 841356279623197584975824316592641738438972165716583492154768923369215847287439651
255 94      ok 578492613123568479496731825739845261684213957215679348352184796847956132961327584
256 3557      ok 487926153921538476356147298294781635678253914513469827749815362162374589835692741
257 116      ok 168735924347928615592614873714586239259371468683249157875462391436197582921853746
258 2501      ok 928647315743521968651938247536219874182475639497386152274863591315792486869154723
259 263      ok 376295148928641357541837629793564281152378496684129573419756832837412965265983714
260 755      ok 586437291214589673937216458392658147475321986861974325743195862159862734628743519
261 1946      ok 243769185196485732875231694957328461312546978468197253539612847624873519781954326
262 4542      ok 821645973956738241374291658549382167267514839138976425495823716682157394713469582
263 96      ok 143579682582436971976128534329784165851692347764315298238957416415863729697241853
264 142      ok 657928341389471625421653978865237419293146587174895236916384752738562194542719863
265 252      ok 349258716852761349761394825127489563935176284684532971493817652518623497276945138
266 972      ok 356971284249368715178542936817236549963154827425897163592413678631785492784629351
267 2085      ok 852614937639728145147395268965183472423567819718942653271439586384256791596871324
268 597      ok 739845612684921375125637984961274853243568197857319246378156429416792538592483761
269 1945      ok 912768543476531298538294761251376489683942175794185326145829637329657814867413952
270 358      ok 186274359735968421249513867328697514657841293914325678891452736462739185573186942
271 3176      ok 248376195753921486619584732821469357574832961936157824182795643367248519495613278
272 142      ok 192783465486195237375462918657214389934578126821639574548327691713956842269841753
273 225      ok 275461893963782451481395627619827534357146289842953716738514962524639178196278345
274 1293      ok 167945382294863175385217469418359627972684531653172894826491753731526948549738216
275 783      ok 274961583538742916169385274427819365615473829983526147796158432341297658852634791
276 2026      ok 845726193139458672267319854358672419692143587471985236786231945913564728524897361
277 2848      ok 869173524175249638342586179587432961216897453934615782698721345453968217721354896
278 143      ok 372541896169238475458769231695423718217896354843175962924657183786314529531982647
279 5158      ok 869175243431268975275439618714982536952346781683517429328654197597821364146793852
280 141      ok 479356128125874693386192475862517349914238756537649281691725834758463912243981567
281 2977      ok 752164893831259746964873251246937185395418672178526439419382567587691324623745918
282 334      ok 279853461641279853538164297386947125917532684452681739764398512195426378823715946
283 650      ok 195463872463728159278915346357291468814576293629834517736152984542689731981347625
284 24336      ok 874963251369521784521784396216435978735896412498217635187342569943658127652179843
285 2036      ok 732814659589637142641925378953286714874153296216749835368591427425378961197462583
286 275      ok 437582169529641837861793542975836214218475396643219785394157628782364951156928473
287 758      ok 621437598789561243543829716174983625932756184865142937316278459498615372257394861
288 72      ok 789623145642159378135748629258371496461592783397486251973215864526834917814967532
289 749      ok 261589437347126985859734621782345196596812374134967852613278549928451763475693218
290 138      ok 136975842849312567752684391263847159584291673971536428328459716615728934497163285
291 924      ok 172549863538716942496382751624831597853297416917654328745163289381925674269478135
292 1548      ok 386194572571326489294758613452673891938412756617985234865231947149867325723549168
293 1222      ok 295814673471362859836975142368547291527691438149238567754189326983426715612753984
294 1890      ok 978314256421865379365297184184753692296481537753926841832179465647532918519648723
295 111      ok 834916752159827364672543819947685123583172496216394578361258947798461235425739681
296 467      ok 317946852659827143824513796541678329783294615296351487435789261968132574172465938
297 188      ok 468975123972831546531264798784396251216758934395142687649513872127489365853627419
298 7171      ok 637825419891436257254791368172354896465189732389267541526948173918573624743612985
299 927      ok 615783942934162857872594136329816574156247389487359621548921763293675418761438295
300 117      ok 438579126167382495592164387613897542924651738785243619351728964246915873879436251
